478 35 28 83 251 34 54 47 39 41 23 60 130 38 64 33 165 25 143 22
39 31 127 33 55 130 51 96 100 39 40 21 84 44 28 26 50 84 149 29
203 383 21 47 53 26 36 100 55 44 31 139 189 24 159 118 33 25 35 98
21 56 82 63 301 88 289 131 130 61 98 30 67 175 212 98 118 26 33 41
60 128 54 131 67 48 25 35 146 230 120 41 136 42 66 287 36 48 31 69
25 46 92 104 30 25 41 45 101 35 25 263 25 44 47 97 76 48 82 58
145 34 182 82 95 23 102 224 23 244 30 59 74 25 243 58 54 258 79 23
21 31 37 40 100 29 36 42 60 56 21 28 91 36 27 124 49 53 25 42
139 480 20 78 50 46 43 50 53 40 45 25 49 68 112 54 59 108 86 59
98 123 30 251 117 64 39 48 63 41 25 60 78 48 41 354 145 60 45 54
41 90 94 26 43 69 30 30 28 93 37 49 112 30 21 48 37 29 30 20
49 71 49 31 310 58 25 26 30 97 53 67 24 108 84 46 83 28 55 44
47 225 103 80 60 20 40 26 27 22 111 131 417 240 30 93 39 29 43 48
40 61 42 67 53 88 25 95 141 46 34 36 250 39 172 466 89 65 79 60
21 89 36 49 21 42 312 115 278 71 36 32 28 94 81 40 252 35 27 29
78 21 38 26 68 94 116 56 22 48 46 53 63 98 48 49 83 50 284 101
25 52 43 87 181 205 32 47 91 32 87 28 90 78 200 25 360 57 262 74
25 29 55 238 25 92 30 97 84 38 113 30 57 51 52 128 56 46 40 67
22 73 26 23 31 50 44 62 63 64 338 113 38 134 38 57 36 126 203 126
43 69 55 87 106 47 237 137 164 39 40 54 24 22 43 211 25 33 215 40
32 336 68 127 387 109 63 36 85 70 44 123 118 85 96 25 182 89 24 154
25 36 106 29 32 31 119 31 47 66 24 109 146 99 210 45 79 91 49 27
135 24 84 35 50 34 67 79 30 24 72 377 214 51 39 44 93 86 46 254
90 44 52 116 148 24 29 48 127 47 68 289 360 47 34 66 111 20 75 99
50 273 48 256 28 362 102 36 21 43 41 30 123 63 200 49 49 23 59 47
86 48 48 50 80 48 92 28 121 52 46 30 25 46 21 37 78 25 100 71
78 31 59 39 34 61 147 64 48 106 20 149 21 54 26 63 35 52 112 71
74 42 28 293 61 49 35 272 59 25 51 145 25 34 102 70 39 55 50 56
48 44 84 89 51 173 41 41 67 33 76 33 60 40 149 322 74 29 38 44
54 109 51 75 28 28 54 54 20 31 49 22 41 73 29 44 42 41 24 74
60 88 21 94 91 48 43 143 122 72 73 40 50 67 131 57 68 83 135 23
74 20 121 40 48 36 25 21 22 76 25 142 127 48 71 32 22 31 31 30
69 93 100 36 50 51 47 56 54 220 94 51 25 150 21 198 60 56 354 119
48 24 30 162 57 58 23 126 54 89 44 63 40 25 40 22 91 56 57 46
47 176 33 49 58 40 186 47 123 26 23 49 141 78 34 25 65 376 37 35
20 21 99 25 68 29 94 37 334 85 97 55 99 145 28 65 110 31 41 205
42 183 102 143 156 189 56 54 21 22 48 56 40 40 88 353 67 81 28 55
26 32 29 20 40 52 36 70 23 121 123 27 27 49 21 23 37 291 32 149
30 127 39 21 45 176 25 291 164 52 50 299 46 46 33 32 60 98 30 86
44 20 39 40 26 83 20 314 45 184 56 35 82 90 50 59 20 48 28 35
24 60 36 30 38 26 59 64 40 21 108 37 43 89 69 45 100 169 72 42
31 50 42 32 37 21 22 78 64 121 182 171 57 56 103 143 46 307 44 53
21 37 21 61 23 60 26 216 61 57 65 113 60 45 91 63 50 30 49 149
24 103 143 46 64 349 78 73 227 73 62 60 48 22 66 107 42 72 309 28
114 66 107 44 45 176 29 31 47 58 48 21 46 54 47 104 29 39 110 37
75 46 68 43 35 54 34 201 36 86 273 34 27 239 110 24 21 63 88 59
35 128 60 153 69 48 54 26 79 70 21 44 163 30 200 88 219 134 23 33
119 267 88 59 26 104 80 21 237 82 98 42 32 124 56 30 299 115 59 21
58 349 210 47 55 103 21 22 34 98 68 58 22 42 55 203 58 26 40 112
50 28 134 30 222 273 46 404 32 95 39 32 20 52 22 48 74 87 118 22
80 25 301 183 29 102 76 105 27 25 63 120 79 40 36 20 63 28 21 34
55 22 115 79 35 209 228 36 40 99 21 48 21 40 135 25 73 25 193 52
86 64 109 21 45 299 43 91 105 252 160 31 66 22 81 186 265 146 153 53
208 110 70 70 33 96 37 47 85 51 98 132 314 89 95 56 82 31 83 101
88 237 259 354 329 51 68 49 42 35 25 176 59 34 47 89 66 82 74 37
76 113 48 89 22 112 25 26 122 104 29 32 123 21 48 21 22 83 60 25
268 59 33 41 67 38 32 55 260 121 25 69 25 25 432 126 82 126 22 30
95 21 50 484 52 24 314 48 35 100 124 399 168 32 56 34 78 37 75 40
108 21 48 35 38 49 71 57 30 132 29 329 32 28 97 45 57 206 84 47
40 58 43 88 56 51 21 58 60 23 33 124 30 143 115 475 262 135 41 178
109 31 30 230 45 42 229 327 26 105 184 68 37 52 28 111 24 28 55 24
50 71 22 250 61 44 56 52 478 146 377 208 32 20 81 189 156 24 91 130
24 26 80 42 149 134 22 180 50 177 80 49 90 58 59 62 117 61 21 53
320 54 55 34 47 64 23 43 199 29 63 99 145 131 71 22 43 80 78 45
31 62 80 27 22 87 46 32 58 76 40 354 47 69 88 41 474 325 52 245
80 40 69 34 22 104 76 45 76 41 48 65 22 70 32 143 32 141 34 92
25 43 27 257 112 125 48 20 46 48 72 99 44 47 51 251 26 30 91 96
60 167 356 33 21 29 31 86 39 204 367 68 140 47 39 340 23 31 118 250
121 58 60 81 106 54 27 20 62 40 32 41 137 61 62 41 40 58 91 68
300 352 21 32 368 82 100 30 225 74 150 37 62 78 112 40 40 86 28 20
40 81 37 20 48 75 206 123 28 25 28 38 77 20 22 170 60 47 112 64
45 258 37 90 32 110 48 221 26 52 87 26 74 60 23 75 32 46 156 157
113 107 30 183 51 28 44 23 65 98 32 27 30 26 37 96 21 21 41 59
30 35 212 61 50 95 28 29 80 53 61 42 25 20 77 63 40 40 55 311
101 28 20 26 26 34 43 59 35 48 83 131 54 33 101 77 63 23 38 104
72 35 80 37 50 42 62 58 72 58 30 256 49 106 40 157 94 33 44 25
20 54 45 81 21 55 64 21 20 271 36 41 25 83 53 54 26 42 379 80
116 231 122 83 215 70 31 58 41 62 142 50 21 92 22 24 240 33 49 51
57 67 54 60 47 119 47 32 259 146 104 130 120 55 36 41 124 24 383 25
96 49 38 28 34 32 28 60 41 24 129 22 26 21 94 24 39 32 23 78
46 20 70 78 76 76 52 51 37 32 376 43 232 22 56 93 23 166 25 117
25 165 51 70 147 39 20 51 78 29 198 20 48 35 335 24 119 262 59 61
77 79 21 88 77 51 41 55 286 138 35 64 41 46 61 81 27 39 28 49
164 69 32 30 37 100 245 36 20 37 236 26 45 52 21 25 26 113 120 88
161 65 40 20 52 21 45 124 94 56 178 24 39 40 41 56 128 124 23 48
60 59 354 143 56 62 21 36 20 108 42 112 97 85 45 47 169 21 40 90
150 39 46 208 26 22 133 58 343 51 96 48 76 46 158 79 37 48 21 51
98 75 80 107 94 38 143 21 43 58 39 31 140 97 36 93 37 112 64 140
150 51 62 20 26 24 68 26 29 25 81 58 120 21 54 54 89 33 34 231
22 48 37 43 20 36 54 20 84 124 92 24 401 32 361 34 102 33 60 51
75 21 21 25 20 28 47 24 265 58 27 41 79 96 48 21 59 20 21 27
89 41 25 74 169 83 82 33 39 40 40 104 40 26 31 126 40 452 176 95
78 43 200 88 46 46 23 495 148 65 98 35 46 45 47 194 33 81 47 53
182 104 20 82 109 123 29 21 81 25 31 109 71 78 105 406 21 80 64 97
30 40 27 41 113 50 50 28 69 40 172 57 55 31 68 38 36 64 70 44
41 23 373 37 48 20 50 94 99 55 22 93 83 311 99 37 55 38 30 62
26 20 45 286 251 143 55 137 174 31 67 204 53 81 46 60 47 40 239 118
84 99 74 111 41 174 199 61 28 37 247 52 44 33 51 60 25 165 113 33
51 279 55 56 54 42 110 58 21 36 38 48 60 113 350 104 117 96 42 114
21 25 25 134 79 90 226 80 72 38 20 121 92 46 47 28 49 38 48 92
40 48 31 44 37 34 153 21 58 35 140 120 187 24 216 45 196 119 126 133
60 157 56 46 48 308 111 58 110 163 31 56 102 25 24 133 329 73 112 45
57 20 50 47 190 53 64 165 52 142 63 225 41 127 42 24 69 26 83 44
69 160 25 51 39 82 417 23 99 62 93 64 72 141 24 25 107 75 69 24
20 46 270 66 20 58 21 24 44 97 191 32 114 37 49 80 72 25 82 36
86 28 106 57 32 58 104 56 168 64 156 58 166 23 342 57 22 84 147 57
23 80 47 243 75 65 57 21 113 103 77 21 25 69 78 26 21 31 81 25
100 42 67 42 348 31 34 79 41 41 58 24 32 56 99 33 66 59 32 52
37 42 219 51 60 25 20 31 45 95 81 30 32 20 430 27 54 199 28 482
24 21 124 55 79 20 49 81 101 48 21 83 87 40 188 190 22 34 77 41
61 31 38 23 85 25 20 65 32 416 34 49 26 106 55 40 28 25 42 60
104 29 47 284 36 127 37 98 83 47 70 87 82 25 42 108 375 40 22 201
78 75 221 76 84 208 56 72 99 31 67 42 56 32 42 90 64 30 100 49
70 117 100 71 25 78 357 50 70 78 31 81 25 30 300 40 88 32 191 29
22 71 68 91 53 110 41 20 30 115 72 32 44 86 121 404 30 48 28 20
158 139 80 29 30 23 20 23 101 72 76 21 74 74 26 132 42 50 31 21
40 107 61 124 45 85 45 44 102 34 140 37 36 33 48 33 54 42 91 199
114 48 106 164 38 151 21 81 28 85 22 30 247 21 39 61 47 60 24 248
74 28 41 21 49 55 239 24 140 67 66 120 74 342 108 61 121 485 307 48
75 68 265 44 56 66 191 79 72 25 80 99 41 22 20 30 35 30 44 29
58 151 170 40 23 33 56 22 420 39 50 34 61 43 21 22 41 86 84 45
70 60 201 46 53 60 38 94 140 30 33 37 21 81 252 54 55 82 36 60
24 47 28 36 75 207 109 61 44 46 57 20 30 31 39 29 44 175 394 79
25 54 29 45 21 36 157 217 134 142 41 20 41 32 23 126 53 124 21 63
40 39 106 38 65 67 28 99 28 238 64 23 70 20 45 46 32 23 212 33
27 37 49 466 86 27 123 74 25 58 28 30 194 114 34 54 34 40 33 47
27 91 53 35 126 301 99 25 66 323 67 41 20 47 198 29 58 21 37 21
37 22 28 24 27 34 24 173 21 33 81 58 20 101 54 54 125 90 65 50
24 40 40 45 34 78 26 314 23 92 180 37 23 28 247 26 155 30 66 78
20 41 375 99 64 47 25 197 20 23 29 73 160 163 81 292 118 27 53 22
21 188 58 39 31 33 55 111 30 48 23 288 32 77 44 389 157 30 110 69
227 30 32 21 48 21 57 74 32 37 46 34 48 23 40 35 47 27 133 30
51 76 60 102 187 21 62 53 126 58 111 20 46 31 272 57 89 127 96 37
58 41 64 33 112 48 42 39 61 52 39 53 89 37 109 39 21 38 47 62
301 34 173 159 66 38 186 24 40 102 33 21 115 42 37 259 199 25 112 30
38 29 57 28 88 54 180 126 62 55 37 55 109 23 56 123 80 36 21 109
114 37 54 39 138 29 40 67 38 147 41 41 47 105 62 47 64 209 81 31
31 79 94 337 27 37 26 45 21 102 63 32 44 35 94 129 40 62 48 97
21 21 53 41 59 234 24 24 34 60 26 129 78 99 50 444 195 48 20 79
39 41 23 212 53 171 40 249 30 64 40 128 34 61 33 123 23 43 63 71
30 30 90 226 92 171 80 91 198 101 63 29 110 72 20 362 24 31 62 77
24 26 96 70 60 73 94 48 41 54 59 114 48 40 31 34 34 69 241 304
44 64 98 27 108 45 51 104 47 22 118 60 42 52 51 30 104 88 40 29
48 24 123 40 214 122 110 125 57 40 63 72 101 53 20 326 34 81 51 36
47 63 115 137 130 41 103 26 93 287 241 209 478 40 63 51 48 48 22 342
50 325 36 27 77 31 78 21 30 34 81 150 25 45 36 41 289 58 44 118
62 40 54 120 79 143 48 218 342 98 35 62 41 112 21 197 56 88 36 31
113 108 101 56 101 28 78 21 29 59 99 20 33 29 404 49 53 40 41 38
122 87 54 29 48 20 39 79 22 42 51 66 193 33 48 202 47 171 103 26
53 213 37 41 24 84 46 44 81 70 198 65 50 23 91 43 150 173 50 60
74 24 31 65 257 33 120 99 28 50 26 22 64 77 157 40 108 122 47 34
219 71 21 150 401 134 108 20 35 49 142 68 150 24 71 37 50 74 130 91
30 151 457 97 197 24 90 293 35 40 34 60 20 21 25 114 31 23 23 24
134 116 86 49 40 36 74 110 46 80 397 26 50 31 47 63 62 120 161 105
122 23 43 213 110 182 101 32 62 112 55 39 54 281 137 353 23 58 62 105
49 61 143 112 45 27 87 111 74 31 25 68 325 87 41 41 35 30 119 112
47 38 339 135 29 40 66 31 27 85 23 49 33 62 59 88 82 89 57 165
21 50 33 100 63 39 171 30 102 49 25 30 110 33 30 24 47 153 54 25
59 177 115 107 30 41 294 151 46 79 36 259 46 59 461 25 49 217 21 69
42 135 326 119 60 53 101 401 99 65 40 121 225 29 59 104 36 27 98 35
25 20 50 34 40 22 62 95 68 46 41 111 50 48 24 191 73 38 138 24
28 58 38 47 64 44 26 48 34 37 64 44 33 30 29 66 194 34 32 33
79 23 38 127 291 44 50 130 47 77 353 33 51 59 22 62 357 59 25 95
217 36 161 42 45 49 48 29 123 57 56 33 28 26 252 40 40 50 37 35
160 29 40 67 55 263 28 25 66 60 70 262 136 73 51 271 34 26 79 28
52 48 40 55 22 105 28 24 50 39 416 29 88 60 28 104 96 138 33 31
116 88 227 107 48 75 46 110 22 50 228 105 34 24 90 30 20 27 40 218
45 188 34 60 44 61 484 164 36 269 22 105 23 86 29 27 58 31 91 62
40 32 35 78 50 34 79 166 193 78 86 22 96 100 44 38 32 48 120 42
182 21 65 157 478 24 160 121 23 33 68 40 79 31 23 28 106 124 53 61
83 107 44 119 30 26 333 24 149 56 95 80 116 24 379 52 205 45 39 49
64 48 31 85 174 23 398 56 87 77 40 28 97 89 31 58 94 32 173 30
106 26 34 42 31 68 48 24 24 33 54 49 35 20 140 359 91 36 62 47
44 29 166 131 73 32 157 416 280 107 35 82 179 32 65 51 26 34 87 21
127 36 232 91 50 116 48 77 52 47 212 60 29 81 20 29 35 49 26 26
140 21 29 73 78 22 43 33 51 48 111 142 72 54 80 32 63 72 115 51
168 35 34 62 34 21 30 67 58 94 122 63 86 24 53 30 26 30 99 22
168 76 103 37 28 27 52 146 58 58 99 76 82 26 21 21 178 46 62 75
59 30 44 87 56 141 90 205 40 153 84 48 49 87 38 51 74 20 165 44
51 75 25 60 78 52 80 39 97 45 53 37 111 89 37 58 80 258 92 152
34 25 53 64 70 25 84 58 45 45 76 34 22 93 51 41 22 54 25 75
38 23 100 53 89 81 68 39 28 21 69 99 48 313 58 96 101 200 44 56
90 141 46 462 36 21 68 39 27 27 31 40 42 24 49 45 20 79 20 120
40 90 21 20 367 27 60 36 49 238 30 94 188 115 82 83 22 46 110 134
94 34 20 41 29 121 55 192 54 67 25 59 22 417 139 78 291 101 27 159
67 33 66 50 47 235 48 87 37 80 78 64 36 43 50 38 99 22 80 20
52 102 121 251 59 22 94 51 29 25 37 50 64 108 314 30 106 62 37 114
43 33 58 197 89 41 42 95 120 27 31 23 245 150 42 41 133 28 20 60
193 51 36 21 30 113 68 70 20 21 36 40 21 108 66 40 35 73 23 54
188 280 66 97 100 286 82 111 64 208 64 20 360 45 99 217 20 403 81 55
57 56 45 28 278 122 77 79 91 29 300 23 90 53 182 169 411 47 58 54
48 67 315 119 26 125 100 198 176 35 33 51 73 142 247 66 126 57 48 202
72 76 47 43 34 480 129 32 114 38 80 29 32 75 300 117 225 34 65 41
116 31 206 40 46 38 86 28 456 55 86 149 90 50 105 32 34 98 115 71
25 113 31 29 33 162 86 70 41 47 72 63 25 36 21 28 99 31 182 31
86 27 27 93 48 27 28 127 22 25 317 21 165 64 30 287 80 49 61 32
343 60 66 24 34 51 41 52 24 32 43 57 111 62 29 37 77 124 35 58
82 30 60 40 20 127 29 21 122 75 146 495 67 79 291 25 25 123 72 122
93 57 254 24 24 61 89 29 174 46 22 473 49 36 32 28 28 42 35 156
131 23 81 100 101 54 40 21 65 21 46 299 22 24 36 67 30 32 127 65
21 46 22 43 25 24 58 67 317 32 28 60 73 21 244 33 83 38 48 53
29 30 116 41 27 23 72 56 104 28 41 84 37 29 188 26 65 429 42 101
58 36 240 51 247 69 61 164 72 102 129 81 131 31 35 31 31 40 128 124
29 133 48 435 82 36 265 158 58 25 28 34 100 53 67 96 154 20 127 32
45 47 61 28 146 53 39 84 63 58 73 31 88 471 71 40 22 57 53 38
31 20 26 55 38 207 71 50 126 102 65 38 102 55 121 75 114 57 164 139
270 40 57 187 23 28 41 21 62 77 36 34 203 59 155 22 193 22 46 45
87 96 52 38 29 22 47 54 47 103 70 20 35 500 216 21 218 86 41 36
137 220 39 59 33 117 22 21 27 20 36 39 20 87 46 119 82 37 131 34
62 22 248 58 68 124 35 38 63 32 112 222 40 94 218 108 20 40 91 46
261 149 44 178 295 182 103 21 41 51 60 32 56 48 104 233 51 85 30 436
72 147 20 131 83 21 36 65 27 129 35 38 86 99 25 25 51 92 64 60
23 24 165 90 76 87 72 25 31 29 20 107 21 191 76 32 52 33 69 49
36 25 75 41 49 61 20 50 197 56 21 27 166 21 217 21 42 29 55 40
26 52 219 41 243 407 141 417 29 35 395 94 22 95 22 216 172 178 28 21
109 107 62 49 32 58 21 100 95 106 40 122 31 66 68 26 119 70 67 68
28 60 114 48 103 50 33 52 24 46 44 240 34 223 83 21 33 20 163 128
37 48 165 90 32 115 30 36 21 63 80 39 51 68 87 216 36 198 24 78
109 49 35 123 62 117 38 205 47 21 31 28 26 40 149 46 43 40 178 292
180 20 46 163 63 85 39 65 194 35 67 37 92 80 38 29 123 79 47 131
31 94 176 129 21 36 148 126 48 64 55 38 76 169 311 24 41 36 74 102
26 48 26 88 25 126 24 48 40 68 54 88 32 48 174 122 29 40 47 146
193 343 72 295 73 40 20 196 21 251 97 25 73 35 58 21 167 66 40 271
42 30 40 58 135 61 20 42 20 112 30 35 27 22 59 107 205 139 66 25
25 60 79 86 26 98 50 198 114 36 20 48 20 41 36 106 37 104 196 185
234 78 90 21 214 48 43 68 44 35 31 21 201 56 54 39 169 136 105 31
205 114 44 156 45 24 24 42 32 48 26 25 366 46 45 72 62 60 247 39
35 128 48 69 33 130 106 50 115 45 68 21 56 52 35 23 121 25 21 28
31 44 163 46 30 32 111 222 46 20 27 143 38 99 40 58 78 49 106 84
23 21 47 24 64 67 141 21 248 40 78 25 59 42 180 35 121 97 93 52
80 39 76 148 200 21 44 20 40 54 44 33 36 30 156 48 74 167 269 212
476 33 308 48 75 40 69 129 23 162 91 20 56 78 99 58 72 44 63 98
53 52 167 25 178 143 21 30 279 50 26 62 23 63 21 127 122 114 58 24
340 176 177 36 53 98 34 53 131 48 60 31 84 20 38 35 103 124 157 150
98 86 80 30 109 21 25 135 40 82 73 37 196 35 33 73 88 55 35 46
21 141 69 39 31 47 41 48 53 32 21 106 64 317 59 21 48 103 199 242
104 201 42 54 85 171 102 154 97 78 24 24 72 165 114 29 39 72 29 49
61 39 314 79 97 110 99 23 94 150 51 21 40 35 27 215 110 154 25 51
159 56 42 38 34 255 34 34 39 63 49 60 69 45 295 22 68 28 24 72
52 28 85 57 179 54 47 175 29 72 26 30 128 52 199 58 21 243 57 302
189 190 129 50 48 116 121 46 40 72 46 125 58 58 27 84 107 85 34 70
126 24 40 49 235 48 38 51 117 27 177 30 25 59 81 140 97 21 117 28
48 34 42 41 33 45 27 139 21 22 46 25 41 89 106 21 24 186 52 64
42 32 28 124 131 250 55 23 168 20 171 33 42 124 203 80 79 60 60 91
158 67 80 40 26 30 25 81 121 93 144 91 117 70 31 26 76 21 38 138
175 103 21 176 25 72 79 34 53 32 38 33 198 37 81 315 37 37 111 38
68 21 101 40 49 25 53 45 60 167 36 78 21 57 25 103 43 47 89 35
42 53 21 34 114 137 69 29 107 48 124 57 119 25 104 25 75 28 70 39
72 117 114 351 102 113 50 54 41 25 50 312 93 57 40 33 74 122 50 42
94 20 31 107 360 48 26 43 37 23 299 138 21 167 128 417 78 53 31 114
